!pip install wooldridge
import numpy as np
import pandas as pd
import wooldridge as wd


     
Looking in indexes: https://pypi.org/simple, https://us-python.pkg.dev/colab-wheels/public/simple/
Collecting wooldridge
  Downloading wooldridge-0.4.4-py3-none-any.whl (5.1 MB)
     ━━━━━━━━━━━━━━━━━━━━━━━━━━━━━━━━━━━━━━━━ 5.1/5.1 MB 57.3 MB/s eta 0:00:00
Requirement already satisfied: pandas in /usr/local/lib/python3.9/dist-packages (from wooldridge) (1.5.3)
Requirement already satisfied: numpy>=1.20.3 in /usr/local/lib/python3.9/dist-packages (from pandas->wooldridge) (1.22.4)
Requirement already satisfied: python-dateutil>=2.8.1 in /usr/local/lib/python3.9/dist-packages (from pandas->wooldridge) (2.8.2)
Requirement already satisfied: pytz>=2020.1 in /usr/local/lib/python3.9/dist-packages (from pandas->wooldridge) (2022.7.1)
Requirement already satisfied: six>=1.5 in /usr/local/lib/python3.9/dist-packages (from python-dateutil>=2.8.1->pandas->wooldridge) (1.16.0)
Installing collected packages: wooldridge
Successfully installed wooldridge-0.4.4

df=wd.data("wage1")

     

df= df [["exper", "educ", "wage"]]
     

df
     
exper	educ	wage
0	2	11	3.10
1	22	12	3.24
2	2	11	3.00
3	44	8	6.00
4	7	12	5.30
...	...	...	...
521	14	16	15.00
522	2	10	2.27
523	13	15	4.67
524	5	16	11.56
525	5	14	3.50
526 rows × 3 columns


dfy=df[["wage"]]
dfy

     
wage
0	3.10
1	3.24
2	3.00
3	6.00
4	5.30
...	...
521	15.00
522	2.27
523	4.67
524	11.56
525	3.50
526 rows × 1 columns


dfx=df[["exper","educ"]]
dfx
     
exper	educ
0	2	11
1	22	12
2	2	11
3	44	8
4	7	12
...	...	...
521	14	16
522	2	10
523	13	15
524	5	16
525	5	14
526 rows × 2 columns


arr = dfy.to_numpy()
print(arr)
     
[[ 3.0999999 ]
 [ 3.24000001]
 [ 3.        ]
 [ 6.        ]
 [ 5.30000019]
 [ 8.75      ]
 [11.25      ]
 [ 5.        ]
 [ 3.5999999 ]
 [18.18000031]
 [ 6.25      ]
 [ 8.13000011]
 [ 8.77000046]
 [ 5.5       ]
 [22.20000076]
 [17.32999992]
 [ 7.5       ]
 [10.63000011]
 [ 3.5999999 ]
 [ 4.5       ]
 [ 6.88000011]
 [ 8.47999954]
 [ 6.32999992]
 [ 0.52999997]
 [ 6.        ]
 [ 9.56000042]
 [ 7.78000021]
 [12.5       ]
 [12.5       ]
 [ 3.25      ]
 [13.        ]
 [ 4.5       ]
 [ 9.68000031]
 [ 5.        ]
 [ 4.67999983]
 [ 4.26999998]
 [ 6.1500001 ]
 [ 3.50999999]
 [ 3.        ]
 [ 6.25      ]
 [ 7.80999994]
 [10.        ]
 [ 4.5       ]
 [ 4.        ]
 [ 6.38000011]
 [13.69999981]
 [ 1.66999996]
 [ 2.93000007]
 [ 3.6500001 ]
 [ 2.9000001 ]
 [ 1.63      ]
 [ 8.60000038]
 [ 5.        ]
 [ 6.        ]
 [ 2.5       ]
 [ 3.25      ]
 [ 3.4000001 ]
 [10.        ]
 [21.62999916]
 [ 4.38000011]
 [11.71000004]
 [12.39000034]
 [ 6.25      ]
 [ 3.71000004]
 [ 7.78000021]
 [19.97999954]
 [ 6.25      ]
 [10.        ]
 [ 5.71000004]
 [ 2.        ]
 [ 5.71000004]
 [13.07999992]
 [ 4.90999985]
 [ 2.91000009]
 [ 3.75      ]
 [11.89999962]
 [ 4.        ]
 [ 3.0999999 ]
 [ 8.44999981]
 [ 7.13999987]
 [ 4.5       ]
 [ 4.6500001 ]
 [ 2.9000001 ]
 [ 6.67000008]
 [ 3.5       ]
 [ 3.25999999]
 [ 3.25      ]
 [ 8.        ]
 [ 9.85000038]
 [ 7.5       ]
 [ 5.90999985]
 [11.76000023]
 [ 3.        ]
 [ 4.80999994]
 [ 6.5       ]
 [ 4.        ]
 [ 3.5       ]
 [13.15999985]
 [ 4.25      ]
 [ 3.5       ]
 [ 5.13000011]
 [ 3.75      ]
 [ 4.5       ]
 [ 7.63000011]
 [15.        ]
 [ 6.8499999 ]
 [13.32999992]
 [ 6.67000008]
 [ 2.52999997]
 [ 9.80000019]
 [ 3.36999989]
 [24.97999954]
 [ 5.4000001 ]
 [ 6.11000013]
 [ 4.19999981]
 [ 3.75      ]
 [ 3.5       ]
 [ 3.6400001 ]
 [ 3.79999995]
 [ 3.        ]
 [ 5.        ]
 [ 4.63000011]
 [ 3.        ]
 [ 3.20000005]
 [ 3.91000009]
 [ 6.42999983]
 [ 5.48000002]
 [ 1.5       ]
 [ 2.9000001 ]
 [ 5.        ]
 [ 8.92000008]
 [ 5.        ]
 [ 3.51999998]
 [ 2.9000001 ]
 [ 4.5       ]
 [ 2.25      ]
 [ 5.        ]
 [10.        ]
 [ 3.75      ]
 [10.        ]
 [10.94999981]
 [ 7.9000001 ]
 [ 4.71999979]
 [ 5.84000015]
 [ 3.82999992]
 [ 3.20000005]
 [ 2.        ]
 [ 4.5       ]
 [11.55000019]
 [ 2.1400001 ]
 [ 2.38000011]
 [ 3.75      ]
 [ 5.51999998]
 [ 6.5       ]
 [ 3.0999999 ]
 [10.        ]
 [ 6.63000011]
 [10.        ]
 [ 2.30999994]
 [ 6.88000011]
 [ 2.82999992]
 [ 3.13000011]
 [ 8.        ]
 [ 4.5       ]
 [ 8.64999962]
 [ 2.        ]
 [ 4.75      ]
 [ 6.25      ]
 [ 6.        ]
 [15.38000011]
 [14.57999992]
 [12.5       ]
 [ 5.25      ]
 [ 2.17000008]
 [ 7.13999987]
 [ 6.21999979]
 [ 9.        ]
 [10.        ]
 [ 5.76999998]
 [ 4.        ]
 [ 8.75      ]
 [ 6.53000021]
 [ 7.5999999 ]
 [ 5.        ]
 [ 5.        ]
 [21.86000061]
 [ 8.64000034]
 [ 3.29999995]
 [ 4.44000006]
 [ 4.55000019]
 [ 3.5       ]
 [ 6.25      ]
 [ 3.8499999 ]
 [ 6.17999983]
 [ 2.91000009]
 [ 6.25      ]
 [ 6.25      ]
 [ 9.05000019]
 [10.        ]
 [11.10999966]
 [ 6.88000011]
 [ 8.75      ]
 [10.        ]
 [ 3.04999995]
 [ 3.        ]
 [ 5.80000019]
 [ 4.0999999 ]
 [ 8.        ]
 [ 6.1500001 ]
 [ 2.70000005]
 [ 2.75      ]
 [ 3.        ]
 [ 3.        ]
 [ 7.36000013]
 [ 7.5       ]
 [ 3.5       ]
 [ 8.10000038]
 [ 3.75      ]
 [ 3.25      ]
 [ 5.82999992]
 [ 3.5       ]
 [ 3.32999992]
 [ 4.        ]
 [ 3.5       ]
 [ 6.25      ]
 [ 2.95000005]
 [ 5.71000004]
 [ 3.        ]
 [22.86000061]
 [ 9.        ]
 [ 8.32999992]
 [ 3.        ]
 [ 5.75      ]
 [ 6.76000023]
 [10.        ]
 [ 3.        ]
 [ 3.5       ]
 [ 3.25      ]
 [ 4.        ]
 [ 2.92000008]
 [ 3.05999994]
 [ 3.20000005]
 [ 4.75      ]
 [ 3.        ]
 [18.15999985]
 [ 3.5       ]
 [ 4.11000013]
 [ 1.96000004]
 [ 4.28999996]
 [ 3.        ]
 [ 6.44999981]
 [ 5.19999981]
 [ 4.5       ]
 [ 3.88000011]
 [ 3.45000005]
 [10.90999985]
 [ 4.0999999 ]
 [ 3.        ]
 [ 5.9000001 ]
 [18.        ]
 [ 4.        ]
 [ 3.        ]
 [ 3.54999995]
 [ 3.        ]
 [ 8.75      ]
 [ 2.9000001 ]
 [ 6.26000023]
 [ 3.5       ]
 [ 4.5999999 ]
 [ 6.        ]
 [ 2.8900001 ]
 [ 5.57999992]
 [ 4.        ]
 [ 6.        ]
 [ 4.5       ]
 [ 2.92000008]
 [ 4.32999992]
 [18.88999939]
 [ 4.28000021]
 [ 4.57000017]
 [ 6.25      ]
 [ 2.95000005]
 [ 8.75      ]
 [ 8.5       ]
 [ 3.75      ]
 [ 3.1500001 ]
 [ 5.        ]
 [ 6.46000004]
 [ 2.        ]
 [ 4.78999996]
 [ 5.78000021]
 [ 3.18000007]
 [ 4.67999983]
 [ 4.0999999 ]
 [ 2.91000009]
 [ 6.        ]
 [ 3.5999999 ]
 [ 3.95000005]
 [ 7.        ]
 [ 3.        ]
 [ 6.07999992]
 [ 8.63000011]
 [ 3.        ]
 [ 3.75      ]
 [ 2.9000001 ]
 [ 3.        ]
 [ 6.25      ]
 [ 3.5       ]
 [ 3.        ]
 [ 3.24000001]
 [ 8.02000046]
 [ 3.32999992]
 [ 5.25      ]
 [ 6.25      ]
 [ 3.5       ]
 [ 2.95000005]
 [ 3.        ]
 [ 4.69000006]
 [ 3.73000002]
 [ 4.        ]
 [ 4.        ]
 [ 2.9000001 ]
 [ 3.04999995]
 [ 5.05000019]
 [13.94999981]
 [18.15999985]
 [ 6.25      ]
 [ 5.25      ]
 [ 4.78999996]
 [ 3.3499999 ]
 [ 3.        ]
 [ 8.43000031]
 [ 5.69999981]
 [11.97999954]
 [ 3.5       ]
 [ 4.23999977]
 [ 7.        ]
 [ 6.        ]
 [12.22000027]
 [ 4.5       ]
 [ 3.        ]
 [ 2.9000001 ]
 [15.        ]
 [ 4.        ]
 [ 5.25      ]
 [ 4.        ]
 [ 3.29999995]
 [ 5.05000019]
 [ 3.57999992]
 [ 5.        ]
 [ 4.57000017]
 [12.5       ]
 [ 3.45000005]
 [ 4.63000011]
 [10.        ]
 [ 2.92000008]
 [ 4.51000023]
 [ 6.5       ]
 [ 7.5       ]
 [ 3.53999996]
 [ 4.19999981]
 [ 3.50999999]
 [ 4.5       ]
 [ 3.3499999 ]
 [ 2.91000009]
 [ 5.25      ]
 [ 4.05000019]
 [ 3.75      ]
 [ 3.4000001 ]
 [ 3.        ]
 [ 6.28999996]
 [ 2.53999996]
 [ 4.5       ]
 [ 3.13000011]
 [ 6.36000013]
 [ 4.67999983]
 [ 6.80000019]
 [ 8.52999973]
 [ 4.17000008]
 [ 3.75      ]
 [11.10000038]
 [ 3.25999999]
 [ 9.13000011]
 [ 4.5       ]
 [ 3.        ]
 [ 8.75      ]
 [ 4.13999987]
 [ 2.86999989]
 [ 3.3499999 ]
 [ 6.07999992]
 [ 3.        ]
 [ 4.19999981]
 [ 5.5999999 ]
 [10.        ]
 [12.5       ]
 [ 3.75999999]
 [ 3.0999999 ]
 [ 4.28999996]
 [10.92000008]
 [ 7.5       ]
 [ 4.05000019]
 [ 4.6500001 ]
 [ 5.        ]
 [ 2.9000001 ]
 [ 8.        ]
 [ 8.43000031]
 [ 2.92000008]
 [ 6.25      ]
 [ 6.25      ]
 [ 5.11000013]
 [ 4.        ]
 [ 4.44000006]
 [ 6.88000011]
 [ 5.42999983]
 [ 3.        ]
 [ 2.9000001 ]
 [ 6.25      ]
 [ 4.34000015]
 [ 3.25      ]
 [ 7.26000023]
 [ 6.3499999 ]
 [ 5.63000011]
 [ 8.75      ]
 [ 3.20000005]
 [ 3.        ]
 [ 3.        ]
 [12.5       ]
 [ 2.88000011]
 [ 3.3499999 ]
 [ 6.5       ]
 [10.38000011]
 [ 4.5       ]
 [10.        ]
 [ 3.80999994]
 [ 8.80000019]
 [ 9.42000008]
 [ 6.32999992]
 [ 4.        ]
 [ 2.9000001 ]
 [20.        ]
 [11.25      ]
 [ 3.5       ]
 [ 6.        ]
 [14.38000011]
 [ 6.36000013]
 [ 3.54999995]
 [ 3.        ]
 [ 4.5       ]
 [ 6.63000011]
 [ 9.30000019]
 [ 3.        ]
 [ 3.25      ]
 [ 1.5       ]
 [ 5.9000001 ]
 [ 8.        ]
 [ 2.9000001 ]
 [ 3.28999996]
 [ 6.5       ]
 [ 4.        ]
 [ 6.        ]
 [ 4.07999992]
 [ 3.75      ]
 [ 3.04999995]
 [ 3.5       ]
 [ 2.92000008]
 [ 4.5       ]
 [ 3.3499999 ]
 [ 5.94999981]
 [ 8.        ]
 [ 3.        ]
 [ 5.        ]
 [ 5.5       ]
 [ 2.6500001 ]
 [ 3.        ]
 [ 4.5       ]
 [17.5       ]
 [ 8.18000031]
 [ 9.09000015]
 [11.81999969]
 [ 3.25      ]
 [ 4.5       ]
 [ 4.5       ]
 [ 3.71000004]
 [ 6.5       ]
 [ 2.9000001 ]
 [ 5.5999999 ]
 [ 2.23000002]
 [ 5.        ]
 [ 8.32999992]
 [ 2.9000001 ]
 [ 6.25      ]
 [ 4.55000019]
 [ 3.27999997]
 [ 2.29999995]
 [ 3.29999995]
 [ 3.1500001 ]
 [12.5       ]
 [ 5.1500001 ]
 [ 3.13000011]
 [ 7.25      ]
 [ 2.9000001 ]
 [ 1.75      ]
 [ 2.8900001 ]
 [ 2.9000001 ]
 [17.70999908]
 [ 6.25      ]
 [ 2.5999999 ]
 [ 6.63000011]
 [ 3.5       ]
 [ 6.5       ]
 [ 3.        ]
 [ 4.38000011]
 [10.        ]
 [ 4.94999981]
 [ 9.        ]
 [ 1.42999995]
 [ 3.07999992]
 [ 9.32999992]
 [ 7.5       ]
 [ 4.75      ]
 [ 5.6500001 ]
 [15.        ]
 [ 2.26999998]
 [ 4.67000008]
 [11.56000042]
 [ 3.5       ]]

arr = dfx.to_numpy()
print(arr)
     
[[ 2 11]
 [22 12]
 [ 2 11]
 ...
 [13 15]
 [ 5 16]
 [ 5 14]]

arr2 = dfy.to_numpy()
print(arr2)
     
[[ 3.0999999 ]
 [ 3.24000001]
 [ 3.        ]
 [ 6.        ]
 [ 5.30000019]
 [ 8.75      ]
 [11.25      ]
 [ 5.        ]
 [ 3.5999999 ]
 [18.18000031]
 [ 6.25      ]
 [ 8.13000011]
 [ 8.77000046]
 [ 5.5       ]
 [22.20000076]
 [17.32999992]
 [ 7.5       ]
 [10.63000011]
 [ 3.5999999 ]
 [ 4.5       ]
 [ 6.88000011]
 [ 8.47999954]
 [ 6.32999992]
 [ 0.52999997]
 [ 6.        ]
 [ 9.56000042]
 [ 7.78000021]
 [12.5       ]
 [12.5       ]
 [ 3.25      ]
 [13.        ]
 [ 4.5       ]
 [ 9.68000031]
 [ 5.        ]
 [ 4.67999983]
 [ 4.26999998]
 [ 6.1500001 ]
 [ 3.50999999]
 [ 3.        ]
 [ 6.25      ]
 [ 7.80999994]
 [10.        ]
 [ 4.5       ]
 [ 4.        ]
 [ 6.38000011]
 [13.69999981]
 [ 1.66999996]
 [ 2.93000007]
 [ 3.6500001 ]
 [ 2.9000001 ]
 [ 1.63      ]
 [ 8.60000038]
 [ 5.        ]
 [ 6.        ]
 [ 2.5       ]
 [ 3.25      ]
 [ 3.4000001 ]
 [10.        ]
 [21.62999916]
 [ 4.38000011]
 [11.71000004]
 [12.39000034]
 [ 6.25      ]
 [ 3.71000004]
 [ 7.78000021]
 [19.97999954]
 [ 6.25      ]
 [10.        ]
 [ 5.71000004]
 [ 2.        ]
 [ 5.71000004]
 [13.07999992]
 [ 4.90999985]
 [ 2.91000009]
 [ 3.75      ]
 [11.89999962]
 [ 4.        ]
 [ 3.0999999 ]
 [ 8.44999981]
 [ 7.13999987]
 [ 4.5       ]
 [ 4.6500001 ]
 [ 2.9000001 ]
 [ 6.67000008]
 [ 3.5       ]
 [ 3.25999999]
 [ 3.25      ]
 [ 8.        ]
 [ 9.85000038]
 [ 7.5       ]
 [ 5.90999985]
 [11.76000023]
 [ 3.        ]
 [ 4.80999994]
 [ 6.5       ]
 [ 4.        ]
 [ 3.5       ]
 [13.15999985]
 [ 4.25      ]
 [ 3.5       ]
 [ 5.13000011]
 [ 3.75      ]
 [ 4.5       ]
 [ 7.63000011]
 [15.        ]
 [ 6.8499999 ]
 [13.32999992]
 [ 6.67000008]
 [ 2.52999997]
 [ 9.80000019]
 [ 3.36999989]
 [24.97999954]
 [ 5.4000001 ]
 [ 6.11000013]
 [ 4.19999981]
 [ 3.75      ]
 [ 3.5       ]
 [ 3.6400001 ]
 [ 3.79999995]
 [ 3.        ]
 [ 5.        ]
 [ 4.63000011]
 [ 3.        ]
 [ 3.20000005]
 [ 3.91000009]
 [ 6.42999983]
 [ 5.48000002]
 [ 1.5       ]
 [ 2.9000001 ]
 [ 5.        ]
 [ 8.92000008]
 [ 5.        ]
 [ 3.51999998]
 [ 2.9000001 ]
 [ 4.5       ]
 [ 2.25      ]
 [ 5.        ]
 [10.        ]
 [ 3.75      ]
 [10.        ]
 [10.94999981]
 [ 7.9000001 ]
 [ 4.71999979]
 [ 5.84000015]
 [ 3.82999992]
 [ 3.20000005]
 [ 2.        ]
 [ 4.5       ]
 [11.55000019]
 [ 2.1400001 ]
 [ 2.38000011]
 [ 3.75      ]
 [ 5.51999998]
 [ 6.5       ]
 [ 3.0999999 ]
 [10.        ]
 [ 6.63000011]
 [10.        ]
 [ 2.30999994]
 [ 6.88000011]
 [ 2.82999992]
 [ 3.13000011]
 [ 8.        ]
 [ 4.5       ]
 [ 8.64999962]
 [ 2.        ]
 [ 4.75      ]
 [ 6.25      ]
 [ 6.        ]
 [15.38000011]
 [14.57999992]
 [12.5       ]
 [ 5.25      ]
 [ 2.17000008]
 [ 7.13999987]
 [ 6.21999979]
 [ 9.        ]
 [10.        ]
 [ 5.76999998]
 [ 4.        ]
 [ 8.75      ]
 [ 6.53000021]
 [ 7.5999999 ]
 [ 5.        ]
 [ 5.        ]
 [21.86000061]
 [ 8.64000034]
 [ 3.29999995]
 [ 4.44000006]
 [ 4.55000019]
 [ 3.5       ]
 [ 6.25      ]
 [ 3.8499999 ]
 [ 6.17999983]
 [ 2.91000009]
 [ 6.25      ]
 [ 6.25      ]
 [ 9.05000019]
 [10.        ]
 [11.10999966]
 [ 6.88000011]
 [ 8.75      ]
 [10.        ]
 [ 3.04999995]
 [ 3.        ]
 [ 5.80000019]
 [ 4.0999999 ]
 [ 8.        ]
 [ 6.1500001 ]
 [ 2.70000005]
 [ 2.75      ]
 [ 3.        ]
 [ 3.        ]
 [ 7.36000013]
 [ 7.5       ]
 [ 3.5       ]
 [ 8.10000038]
 [ 3.75      ]
 [ 3.25      ]
 [ 5.82999992]
 [ 3.5       ]
 [ 3.32999992]
 [ 4.        ]
 [ 3.5       ]
 [ 6.25      ]
 [ 2.95000005]
 [ 5.71000004]
 [ 3.        ]
 [22.86000061]
 [ 9.        ]
 [ 8.32999992]
 [ 3.        ]
 [ 5.75      ]
 [ 6.76000023]
 [10.        ]
 [ 3.        ]
 [ 3.5       ]
 [ 3.25      ]
 [ 4.        ]
 [ 2.92000008]
 [ 3.05999994]
 [ 3.20000005]
 [ 4.75      ]
 [ 3.        ]
 [18.15999985]
 [ 3.5       ]
 [ 4.11000013]
 [ 1.96000004]
 [ 4.28999996]
 [ 3.        ]
 [ 6.44999981]
 [ 5.19999981]
 [ 4.5       ]
 [ 3.88000011]
 [ 3.45000005]
 [10.90999985]
 [ 4.0999999 ]
 [ 3.        ]
 [ 5.9000001 ]
 [18.        ]
 [ 4.        ]
 [ 3.        ]
 [ 3.54999995]
 [ 3.        ]
 [ 8.75      ]
 [ 2.9000001 ]
 [ 6.26000023]
 [ 3.5       ]
 [ 4.5999999 ]
 [ 6.        ]
 [ 2.8900001 ]
 [ 5.57999992]
 [ 4.        ]
 [ 6.        ]
 [ 4.5       ]
 [ 2.92000008]
 [ 4.32999992]
 [18.88999939]
 [ 4.28000021]
 [ 4.57000017]
 [ 6.25      ]
 [ 2.95000005]
 [ 8.75      ]
 [ 8.5       ]
 [ 3.75      ]
 [ 3.1500001 ]
 [ 5.        ]
 [ 6.46000004]
 [ 2.        ]
 [ 4.78999996]
 [ 5.78000021]
 [ 3.18000007]
 [ 4.67999983]
 [ 4.0999999 ]
 [ 2.91000009]
 [ 6.        ]
 [ 3.5999999 ]
 [ 3.95000005]
 [ 7.        ]
 [ 3.        ]
 [ 6.07999992]
 [ 8.63000011]
 [ 3.        ]
 [ 3.75      ]
 [ 2.9000001 ]
 [ 3.        ]
 [ 6.25      ]
 [ 3.5       ]
 [ 3.        ]
 [ 3.24000001]
 [ 8.02000046]
 [ 3.32999992]
 [ 5.25      ]
 [ 6.25      ]
 [ 3.5       ]
 [ 2.95000005]
 [ 3.        ]
 [ 4.69000006]
 [ 3.73000002]
 [ 4.        ]
 [ 4.        ]
 [ 2.9000001 ]
 [ 3.04999995]
 [ 5.05000019]
 [13.94999981]
 [18.15999985]
 [ 6.25      ]
 [ 5.25      ]
 [ 4.78999996]
 [ 3.3499999 ]
 [ 3.        ]
 [ 8.43000031]
 [ 5.69999981]
 [11.97999954]
 [ 3.5       ]
 [ 4.23999977]
 [ 7.        ]
 [ 6.        ]
 [12.22000027]
 [ 4.5       ]
 [ 3.        ]
 [ 2.9000001 ]
 [15.        ]
 [ 4.        ]
 [ 5.25      ]
 [ 4.        ]
 [ 3.29999995]
 [ 5.05000019]
 [ 3.57999992]
 [ 5.        ]
 [ 4.57000017]
 [12.5       ]
 [ 3.45000005]
 [ 4.63000011]
 [10.        ]
 [ 2.92000008]
 [ 4.51000023]
 [ 6.5       ]
 [ 7.5       ]
 [ 3.53999996]
 [ 4.19999981]
 [ 3.50999999]
 [ 4.5       ]
 [ 3.3499999 ]
 [ 2.91000009]
 [ 5.25      ]
 [ 4.05000019]
 [ 3.75      ]
 [ 3.4000001 ]
 [ 3.        ]
 [ 6.28999996]
 [ 2.53999996]
 [ 4.5       ]
 [ 3.13000011]
 [ 6.36000013]
 [ 4.67999983]
 [ 6.80000019]
 [ 8.52999973]
 [ 4.17000008]
 [ 3.75      ]
 [11.10000038]
 [ 3.25999999]
 [ 9.13000011]
 [ 4.5       ]
 [ 3.        ]
 [ 8.75      ]
 [ 4.13999987]
 [ 2.86999989]
 [ 3.3499999 ]
 [ 6.07999992]
 [ 3.        ]
 [ 4.19999981]
 [ 5.5999999 ]
 [10.        ]
 [12.5       ]
 [ 3.75999999]
 [ 3.0999999 ]
 [ 4.28999996]
 [10.92000008]
 [ 7.5       ]
 [ 4.05000019]
 [ 4.6500001 ]
 [ 5.        ]
 [ 2.9000001 ]
 [ 8.        ]
 [ 8.43000031]
 [ 2.92000008]
 [ 6.25      ]
 [ 6.25      ]
 [ 5.11000013]
 [ 4.        ]
 [ 4.44000006]
 [ 6.88000011]
 [ 5.42999983]
 [ 3.        ]
 [ 2.9000001 ]
 [ 6.25      ]
 [ 4.34000015]
 [ 3.25      ]
 [ 7.26000023]
 [ 6.3499999 ]
 [ 5.63000011]
 [ 8.75      ]
 [ 3.20000005]
 [ 3.        ]
 [ 3.        ]
 [12.5       ]
 [ 2.88000011]
 [ 3.3499999 ]
 [ 6.5       ]
 [10.38000011]
 [ 4.5       ]
 [10.        ]
 [ 3.80999994]
 [ 8.80000019]
 [ 9.42000008]
 [ 6.32999992]
 [ 4.        ]
 [ 2.9000001 ]
 [20.        ]
 [11.25      ]
 [ 3.5       ]
 [ 6.        ]
 [14.38000011]
 [ 6.36000013]
 [ 3.54999995]
 [ 3.        ]
 [ 4.5       ]
 [ 6.63000011]
 [ 9.30000019]
 [ 3.        ]
 [ 3.25      ]
 [ 1.5       ]
 [ 5.9000001 ]
 [ 8.        ]
 [ 2.9000001 ]
 [ 3.28999996]
 [ 6.5       ]
 [ 4.        ]
 [ 6.        ]
 [ 4.07999992]
 [ 3.75      ]
 [ 3.04999995]
 [ 3.5       ]
 [ 2.92000008]
 [ 4.5       ]
 [ 3.3499999 ]
 [ 5.94999981]
 [ 8.        ]
 [ 3.        ]
 [ 5.        ]
 [ 5.5       ]
 [ 2.6500001 ]
 [ 3.        ]
 [ 4.5       ]
 [17.5       ]
 [ 8.18000031]
 [ 9.09000015]
 [11.81999969]
 [ 3.25      ]
 [ 4.5       ]
 [ 4.5       ]
 [ 3.71000004]
 [ 6.5       ]
 [ 2.9000001 ]
 [ 5.5999999 ]
 [ 2.23000002]
 [ 5.        ]
 [ 8.32999992]
 [ 2.9000001 ]
 [ 6.25      ]
 [ 4.55000019]
 [ 3.27999997]
 [ 2.29999995]
 [ 3.29999995]
 [ 3.1500001 ]
 [12.5       ]
 [ 5.1500001 ]
 [ 3.13000011]
 [ 7.25      ]
 [ 2.9000001 ]
 [ 1.75      ]
 [ 2.8900001 ]
 [ 2.9000001 ]
 [17.70999908]
 [ 6.25      ]
 [ 2.5999999 ]
 [ 6.63000011]
 [ 3.5       ]
 [ 6.5       ]
 [ 3.        ]
 [ 4.38000011]
 [10.        ]
 [ 4.94999981]
 [ 9.        ]
 [ 1.42999995]
 [ 3.07999992]
 [ 9.32999992]
 [ 7.5       ]
 [ 4.75      ]
 [ 5.6500001 ]
 [15.        ]
 [ 2.26999998]
 [ 4.67000008]
 [11.56000042]
 [ 3.5       ]]

X=np.c_[np.ones(len(dfx)),dfx]
X
     
array([[ 1.,  2., 11.],
       [ 1., 22., 12.],
       [ 1.,  2., 11.],
       ...,
       [ 1., 13., 15.],
       [ 1.,  5., 16.],
       [ 1.,  5., 14.]])

betas=np.linalg.inv(X.T.dot(X)).dot(X.T.dot(dfy))
betas.squeeze
betas


     
array([[-3.39053946],
       [ 0.0700954 ],
       [ 0.64427208]])

y_est=(X@betas)
y_est
     
array([[ 3.83664416],
       [ 5.88282415],
       [ 3.83664416],
       [ 4.84783456],
       [ 4.83139322],
       [ 7.54867231],
       [ 9.25778884],
       [ 4.69120242],
       [ 6.16320574],
       [ 9.10418453],
       [ 7.47857691],
       [ 5.19528371],
       [ 5.39215638],
       [ 5.60244257],
       [ 6.51368272],
       [ 7.89914929],
       [ 5.0416794 ],
       [ 6.10652385],
       [ 5.25196559],
       [ 6.8641597 ],
       [ 5.1117748 ],
       [ 6.37349193],
       [ 7.54867231],
       [ 4.55101163],
       [ 6.28998302],
       [ 7.12809993],
       [ 7.6888631 ],
       [ 9.09077102],
       [ 8.37640355],
       [ 2.39449571],
       [ 7.2414637 ],
       [ 5.76946039],
       [ 6.10652385],
       [ 4.83139322],
       [ 4.55101163],
       [ 8.45991246],
       [ 5.39215638],
       [ 1.92026928],
       [ 5.83955578],
       [ 5.1117748 ],
       [ 4.55101163],
       [ 5.74263336],
       [ 6.75079593],
       [ 6.85074619],
       [ 5.75604687],
       [ 7.67544959],
       [ 3.12227669],
       [ 6.8641597 ],
       [ 6.26012816],
       [ 5.39215638],
       [ 5.60244257],
       [ 7.12809993],
       [ 5.39215638],
       [ 4.83139322],
       [ 4.48091624],
       [ 6.48382786],
       [ 6.98790914],
       [ 2.67487729],
       [ 8.76712106],
       [ 7.40848152],
       [ 7.78881336],
       [ 8.57327622],
       [ 5.57561555],
       [ 3.96342144],
       [ 6.26012816],
       [ 7.45174989],
       [ 7.40848152],
       [ 6.09311034],
       [ 7.61876771],
       [ 4.55101163],
       [ 7.12809993],
       [ 8.75370755],
       [ 5.53234717],
       [ 5.74263336],
       [ 4.83139322],
       [ 6.66728702],
       [ 6.30339653],
       [ 4.48091624],
       [ 5.67253797],
       [ 9.11759804],
       [ 3.95000793],
       [ 7.12809993],
       [ 3.33256288],
       [ 4.83139322],
       [ 4.76129782],
       [ 5.25196559],
       [ 5.32206099],
       [ 5.32206099],
       [ 4.56745298],
       [ 5.1117748 ],
       [ 5.32206099],
       [ 8.43308543],
       [ 4.41082084],
       [ 4.48091624],
       [ 4.62110703],
       [ 3.73972174],
       [ 5.05509292],
       [ 6.72396891],
       [ 5.97974657],
       [ 4.55101163],
       [ 6.69411405],
       [ 5.32206099],
       [ 6.7940643 ],
       [ 4.90148861],
       [ 6.11993737],
       [ 7.04459103],
       [ 5.32206099],
       [ 6.7940643 ],
       [ 7.56511366],
       [ 8.05275359],
       [ 6.85074619],
       [10.23912438],
       [ 4.76129782],
       [ 6.68070053],
       [ 7.94241766],
       [ 4.10361223],
       [ 5.97974657],
       [ 4.83139322],
       [ 6.69411405],
       [ 4.07678521],
       [ 7.05800454],
       [ 5.90965118],
       [ 6.34363707],
       [ 6.37349193],
       [ 9.39797963],
       [ 8.10943548],
       [ 5.57561555],
       [ 3.93659442],
       [ 4.6643754 ],
       [ 4.60769352],
       [ 8.41664408],
       [ 7.32497261],
       [ 7.70530445],
       [ 4.11702574],
       [ 5.1818702 ],
       [ 4.69120242],
       [ 6.96108212],
       [ 7.54867231],
       [ 0.63172513],
       [ 7.59194068],
       [ 8.53000785],
       [ 4.48091624],
       [ 5.39215638],
       [ 5.3354745 ],
       [ 5.60244257],
       [ 6.41373246],
       [ 3.26246748],
       [ 6.51368272],
       [ 8.31972166],
       [ 7.36824098],
       [ 2.7583862 ],
       [ 5.1117748 ],
       [ 7.15795479],
       [ 4.90148861],
       [ 4.48091624],
       [ 6.89098672],
       [ 7.12809993],
       [ 7.12809993],
       [ 2.6882908 ],
       [ 8.48673948],
       [ 3.12227669],
       [ 3.12227669],
       [ 6.94766861],
       [ 7.63520905],
       [ 9.11759804],
       [ 5.12518831],
       [ 7.70530445],
       [ 5.40556989],
       [ 5.54576069],
       [ 6.73738242],
       [ 9.11759804],
       [ 4.90148861],
       [ 5.67253797],
       [ 5.05509292],
       [ 7.35482747],
       [ 5.67253797],
       [ 5.1117748 ],
       [ 8.64337162],
       [ 6.13637871],
       [ 5.88282415],
       [ 7.12809993],
       [ 7.12809993],
       [ 7.21463668],
       [ 5.97974657],
       [ 5.32206099],
       [ 6.02301495],
       [ 6.30339653],
       [ 6.09311034],
       [ 4.55101163],
       [ 5.1117748 ],
       [ 4.83139322],
       [ 7.54867231],
       [ 7.26829073],
       [ 6.26012816],
       [ 3.76654876],
       [ 7.05800454],
       [ 5.25196559],
       [ 5.0416794 ],
       [ 7.9125628 ],
       [ 6.44358732],
       [ 6.51368272],
       [ 6.98790914],
       [ 2.39449571],
       [ 5.0416794 ],
       [ 7.00435049],
       [ 5.67253797],
       [ 7.26829073],
       [ 6.16320574],
       [ 6.7940643 ],
       [ 2.54810001],
       [ 5.05509292],
       [ 8.24962627],
       [ 5.83955578],
       [ 4.2870714 ],
       [ 7.66203608],
       [ 5.05509292],
       [ 7.00435049],
       [ 8.27645329],
       [ 4.4406757 ],
       [ 4.2870714 ],
       [ 2.04401873],
       [ 7.49501826],
       [ 7.17136831],
       [ 5.74263336],
       [ 7.26829073],
       [ 2.81506808],
       [ 5.68595148],
       [ 2.61819541],
       [ 8.03934008],
       [ 7.00435049],
       [ 8.58668974],
       [ 3.83664416],
       [ 6.04984197],
       [ 5.67253797],
       [ 6.37349193],
       [ 4.48091624],
       [ 8.41664408],
       [ 4.62110703],
       [ 5.0416794 ],
       [ 4.62110703],
       [ 5.32206099],
       [ 5.39215638],
       [ 5.67253797],
       [ 6.82089133],
       [ 8.95058023],
       [ 4.48091624],
       [ 5.97974657],
       [ 6.36007841],
       [ 4.55101163],
       [ 6.3466649 ],
       [ 4.83139322],
       [ 3.7695766 ],
       [ 6.59719163],
       [ 5.1818702 ],
       [ 3.82323065],
       [ 6.09311034],
       [ 6.04984197],
       [ 5.19528371],
       [ 5.32206099],
       [ 9.11759804],
       [ 4.97158401],
       [ 4.41082084],
       [ 4.76129782],
       [ 5.1117748 ],
       [ 7.63520905],
       [ 5.19831154],
       [ 7.57852717],
       [ 5.12518831],
       [ 6.11993737],
       [ 5.88282415],
       [ 3.61294446],
       [ 6.98790914],
       [ 7.35482747],
       [ 7.05800454],
       [ 4.48091624],
       [ 5.69936499],
       [ 8.27645329],
       [ 9.38456612],
       [ 5.05509292],
       [ 8.22279925],
       [ 7.11468642],
       [ 8.50318083],
       [ 6.02301495],
       [ 4.42726219],
       [ 5.60244257],
       [ 6.16320574],
       [ 4.91792996],
       [ 6.23330113],
       [ 2.54810001],
       [ 7.21463668],
       [ 7.6888631 ],
       [ 4.69120242],
       [ 7.12809993],
       [ 4.55101163],
       [ 4.62110703],
       [ 6.45700083],
       [ 5.43542476],
       [ 3.90976739],
       [ 4.76129782],
       [ 6.16320574],
       [ 7.54867231],
       [ 5.95291955],
       [ 4.07678521],
       [ 4.69120242],
       [ 3.90976739],
       [ 2.55112785],
       [ 6.14979223],
       [ 5.30864748],
       [ 2.94184536],
       [ 5.46225178],
       [ 9.818552  ],
       [ 6.8641597 ],
       [ 7.19819533],
       [ 5.0416794 ],
       [ 6.89098672],
       [ 4.55101163],
       [ 3.54284906],
       [ 3.54284906],
       [ 4.72105728],
       [ 5.43542476],
       [ 4.90148861],
       [ 5.53234717],
       [ 4.48091624],
       [ 3.40265827],
       [ 9.79172498],
       [ 9.3711526 ],
       [ 7.6888631 ],
       [ 4.62110703],
       [ 5.1818702 ],
       [ 3.57270392],
       [ 4.07678521],
       [ 7.47857691],
       [ 7.05800454],
       [ 8.76712106],
       [ 7.017764  ],
       [ 4.03351684],
       [ 8.74029404],
       [ 6.40031895],
       [ 7.61876771],
       [ 5.25196559],
       [ 4.02010332],
       [ 3.76654876],
       [ 6.14979223],
       [ 4.69120242],
       [ 4.60769352],
       [ 5.88282415],
       [ 5.81272876],
       [ 5.67253797],
       [ 5.25196559],
       [ 6.68070053],
       [ 5.83955578],
       [ 8.62693027],
       [ 4.76129782],
       [ 5.46225178],
       [ 6.51368272],
       [ 3.76654876],
       [ 4.69120242],
       [ 7.77237201],
       [ 7.6888631 ],
       [ 5.40556989],
       [ 5.75604687],
       [ 4.83139322],
       [ 5.97974657],
       [ 5.97974657],
       [ 3.83664416],
       [ 6.13637871],
       [ 4.84783456],
       [ 6.54050974],
       [ 6.16320574],
       [ 3.19237208],
       [ 8.26303978],
       [ 2.54810001],
       [ 6.7940643 ],
       [ 4.76129782],
       [ 6.19003276],
       [ 6.98790914],
       [ 5.32206099],
       [ 4.03351684],
       [-1.84844075],
       [ 6.19003276],
       [ 6.34363707],
       [ 7.96924468],
       [ 5.32206099],
       [ 6.28998302],
       [ 3.76654876],
       [ 4.62110703],
       [ 7.017764  ],
       [ 7.49501826],
       [ 6.52709623],
       [ 9.86182038],
       [ 6.90440023],
       [ 7.47857691],
       [ 8.44649894],
       [ 6.02301495],
       [ 9.32788423],
       [ 0.89566537],
       [ 1.45642853],
       [ 7.63520905],
       [ 6.72396891],
       [ 7.33838612],
       [ 2.89857699],
       [ 6.23330113],
       [ 5.37874287],
       [ 4.31389842],
       [ 5.1818702 ],
       [ 3.65621283],
       [ 5.84258362],
       [ 7.8424674 ],
       [ 8.60010325],
       [ 3.90673956],
       [ 3.19237208],
       [ 3.79640362],
       [ 7.36824098],
       [ 6.33022355],
       [ 5.3354745 ],
       [ 3.83664416],
       [ 3.85308551],
       [ 7.26829073],
       [ 5.32206099],
       [ 5.54576069],
       [ 6.33022355],
       [ 7.05800454],
       [ 6.26012816],
       [ 3.76654876],
       [ 4.91792996],
       [ 7.94241766],
       [ 9.03408914],
       [ 3.19237208],
       [ 4.97158401],
       [ 6.65387351],
       [ 9.32788423],
       [ 6.33022355],
       [ 8.83721646],
       [ 4.90148861],
       [ 7.54867231],
       [ 7.2414637 ],
       [ 5.95291955],
       [ 3.95000793],
       [ 6.93425509],
       [ 5.88282415],
       [ 9.52475691],
       [ 5.32206099],
       [ 7.60535419],
       [ 8.26303978],
       [ 8.67019864],
       [ 5.81272876],
       [ 8.51659434],
       [ 8.38981706],
       [ 6.8641597 ],
       [ 6.41373246],
       [ 5.1117748 ],
       [ 7.14454128],
       [ 5.1117748 ],
       [ 4.97158401],
       [ 8.53000785],
       [ 3.76654876],
       [ 7.73213147],
       [ 8.50318083],
       [ 5.40556989],
       [ 6.40031895],
       [ 7.35482747],
       [ 7.07444589],
       [ 5.26840694],
       [ 6.16320574],
       [ 2.11714196],
       [ 3.90673956],
       [ 6.48382786],
       [ 4.74788431],
       [ 5.53234717],
       [ 1.70998309],
       [ 4.58086649],
       [ 4.97158401],
       [ 7.28473207],
       [ 3.90673956],
       [ 6.93425509],
       [ 8.53000785],
       [ 6.45700083],
       [ 7.04459103],
       [ 9.3711526 ],
       [ 7.28473207],
       [ 4.55101163],
       [ 5.25196559],
       [ 3.38924476],
       [ 4.03351684],
       [ 7.07444589],
       [ 4.46750272],
       [ 3.72630823],
       [ 1.73681012],
       [ 7.33838612],
       [ 6.16320574],
       [ 5.81272876],
       [ 9.30105721],
       [ 5.53234717],
       [ 3.19237208],
       [ 5.3354745 ],
       [ 5.05509292],
       [ 8.43308543],
       [ 9.65153419],
       [ 3.12227669],
       [ 5.32206099],
       [ 4.48091624],
       [ 3.83664416],
       [-0.44653283],
       [ 2.21406438],
       [ 7.61876771],
       [ 7.19819533],
       [ 2.6882908 ],
       [ 7.74554499],
       [ 6.51368272],
       [ 5.74263336],
       [ 6.8641597 ],
       [ 5.47566529],
       [ 5.39215638],
       [ 2.87174997],
       [ 8.05275359],
       [ 5.53234717],
       [ 4.55101163],
       [ 6.47041435],
       [ 5.60244257],
       [ 8.27948113],
       [ 4.48091624],
       [ 7.89914929],
       [ 3.19237208],
       [ 7.18478182],
       [ 7.26829073],
       [ 5.97974657]])

u_est=arr2-y_est
u_est
     
array([[-7.36644256e-01],
       [-2.64282415e+00],
       [-8.36644160e-01],
       [ 1.15216544e+00],
       [ 4.68606975e-01],
       [ 1.20132769e+00],
       [ 1.99221116e+00],
       [ 3.08797577e-01],
       [-2.56320583e+00],
       [ 9.07581577e+00],
       [-1.22857691e+00],
       [ 2.93471641e+00],
       [ 3.37784407e+00],
       [-1.02442571e-01],
       [ 1.56863180e+01],
       [ 9.43085063e+00],
       [ 2.45832060e+00],
       [ 4.52347626e+00],
       [-1.65196569e+00],
       [-2.36415970e+00],
       [ 1.76822532e+00],
       [ 2.10650762e+00],
       [-1.21867239e+00],
       [-4.02101166e+00],
       [-2.89983019e-01],
       [ 2.43190049e+00],
       [ 9.11371087e-02],
       [ 3.40922898e+00],
       [ 4.12359645e+00],
       [ 8.55504295e-01],
       [ 5.75853630e+00],
       [-1.26946039e+00],
       [ 3.57347645e+00],
       [ 1.68606785e-01],
       [ 1.28988197e-01],
       [-4.18991248e+00],
       [ 7.57843712e-01],
       [ 1.58973071e+00],
       [-2.83955578e+00],
       [ 1.13822520e+00],
       [ 3.25898831e+00],
       [ 4.25736664e+00],
       [-2.25079593e+00],
       [-2.85074619e+00],
       [ 6.23953240e-01],
       [ 6.02455022e+00],
       [-1.45227673e+00],
       [-3.93415963e+00],
       [-2.61012806e+00],
       [-2.49215629e+00],
       [-3.97244258e+00],
       [ 1.47190045e+00],
       [-3.92156383e-01],
       [ 1.16860678e+00],
       [-1.98091624e+00],
       [-3.23382786e+00],
       [-3.58790905e+00],
       [ 7.32512271e+00],
       [ 1.28628781e+01],
       [-3.02848140e+00],
       [ 3.92118668e+00],
       [ 3.81672412e+00],
       [ 6.74384453e-01],
       [-2.53421402e-01],
       [ 1.51987205e+00],
       [ 1.25282497e+01],
       [-1.15848152e+00],
       [ 3.90688966e+00],
       [-1.90876767e+00],
       [-2.55101163e+00],
       [-1.41809990e+00],
       [ 4.32629237e+00],
       [-6.22347328e-01],
       [-2.83263328e+00],
       [-1.08139322e+00],
       [ 5.23271260e+00],
       [-2.30339653e+00],
       [-1.38091633e+00],
       [ 2.77746184e+00],
       [-1.97759818e+00],
       [ 5.49992072e-01],
       [-2.47809984e+00],
       [-4.32562781e-01],
       [ 1.83860686e+00],
       [-1.26129782e+00],
       [-1.99196560e+00],
       [-2.07206099e+00],
       [ 2.67793901e+00],
       [ 5.28254740e+00],
       [ 2.38822520e+00],
       [ 5.87938860e-01],
       [ 3.32691480e+00],
       [-1.41082084e+00],
       [ 3.29083707e-01],
       [ 1.87889297e+00],
       [ 2.60278259e-01],
       [-1.55509292e+00],
       [ 6.43603094e+00],
       [-1.72974657e+00],
       [-1.05101163e+00],
       [-1.56411393e+00],
       [-1.57206099e+00],
       [-2.29406430e+00],
       [ 2.72851150e+00],
       [ 8.88006263e+00],
       [-1.94591121e-01],
       [ 8.00793894e+00],
       [-1.24064226e-01],
       [-5.03511369e+00],
       [ 1.74724660e+00],
       [-3.48074630e+00],
       [ 1.47408752e+01],
       [ 6.38702276e-01],
       [-5.70700400e-01],
       [-3.74241785e+00],
       [-3.53612232e-01],
       [-2.47974657e+00],
       [-1.19139311e+00],
       [-2.89411409e+00],
       [-1.07678521e+00],
       [-2.05800454e+00],
       [-1.27965106e+00],
       [-3.34363707e+00],
       [-3.17349188e+00],
       [-5.48797954e+00],
       [-1.67943565e+00],
       [-9.56155282e-02],
       [-2.43659442e+00],
       [-1.76437530e+00],
       [ 3.92306484e-01],
       [ 5.03355992e-01],
       [-2.32497261e+00],
       [-4.18530447e+00],
       [-1.21702565e+00],
       [-6.81870195e-01],
       [-2.44120242e+00],
       [-1.96108212e+00],
       [ 2.45132769e+00],
       [ 3.11827487e+00],
       [ 2.40805932e+00],
       [ 2.41999196e+00],
       [ 3.41908386e+00],
       [-6.72156593e-01],
       [ 5.04525654e-01],
       [-1.77244265e+00],
       [-3.21373241e+00],
       [-1.26246748e+00],
       [-2.01368272e+00],
       [ 3.23027853e+00],
       [-5.22824088e+00],
       [-3.78386083e-01],
       [-1.36177480e+00],
       [-1.63795481e+00],
       [ 1.59851139e+00],
       [-1.38091633e+00],
       [ 3.10901328e+00],
       [-4.98099819e-01],
       [ 2.87190007e+00],
       [-3.78290858e-01],
       [-1.60673937e+00],
       [-2.92276765e-01],
       [ 7.72342573e-03],
       [ 1.05233139e+00],
       [-3.13520905e+00],
       [-4.67598425e-01],
       [-3.12518831e+00],
       [-2.95530445e+00],
       [ 8.44430105e-01],
       [ 4.54239313e-01],
       [ 8.64261770e+00],
       [ 5.46240188e+00],
       [ 7.59851139e+00],
       [-4.22537967e-01],
       [-2.88509284e+00],
       [-2.14827603e-01],
       [ 5.47461823e-01],
       [ 3.88822520e+00],
       [ 1.35662838e+00],
       [-3.66378734e-01],
       [-1.88282415e+00],
       [ 1.62190007e+00],
       [-5.98099724e-01],
       [ 3.85363227e-01],
       [-9.79746574e-01],
       [-3.22060987e-01],
       [ 1.58369857e+01],
       [ 2.33660381e+00],
       [-2.79311039e+00],
       [-1.11011574e-01],
       [-5.61774608e-01],
       [-1.33139322e+00],
       [-1.29867231e+00],
       [-3.41829082e+00],
       [-8.01283299e-02],
       [-8.56548678e-01],
       [-8.08004537e-01],
       [ 9.98034409e-01],
       [ 4.00832079e+00],
       [ 2.08743720e+00],
       [ 4.66641233e+00],
       [ 3.66317396e-01],
       [ 1.76209086e+00],
       [ 7.60550429e+00],
       [-1.99167945e+00],
       [-4.00435049e+00],
       [ 1.27462224e-01],
       [-3.16829082e+00],
       [ 1.83679426e+00],
       [-6.44064207e-01],
       [ 1.51900038e-01],
       [-2.30509292e+00],
       [-5.24962627e+00],
       [-2.83955578e+00],
       [ 3.07292874e+00],
       [-1.62036077e-01],
       [-1.55509292e+00],
       [ 1.09564989e+00],
       [-4.52645329e+00],
       [-1.19067570e+00],
       [ 1.54292853e+00],
       [ 1.45598127e+00],
       [-4.16501834e+00],
       [-3.17136831e+00],
       [-2.24263336e+00],
       [-1.01829073e+00],
       [ 1.34931966e-01],
       [ 2.40485594e-02],
       [ 3.81804595e-01],
       [ 1.48206605e+01],
       [ 1.99564951e+00],
       [-2.56689813e-01],
       [-8.36644160e-01],
       [-2.99841970e-01],
       [ 1.08746226e+00],
       [ 3.62650807e+00],
       [-1.48091624e+00],
       [-4.91664408e+00],
       [-1.37110703e+00],
       [-1.04167940e+00],
       [-1.70110695e+00],
       [-2.26206104e+00],
       [-2.19215634e+00],
       [-9.22537967e-01],
       [-3.82089133e+00],
       [ 9.20941962e+00],
       [-9.80916236e-01],
       [-1.86974644e+00],
       [-4.40007838e+00],
       [-2.61011670e-01],
       [-3.34666490e+00],
       [ 1.61860659e+00],
       [ 1.43042321e+00],
       [-2.09719163e+00],
       [-1.30187008e+00],
       [-3.73230601e-01],
       [ 4.81688950e+00],
       [-1.94984207e+00],
       [-2.19528371e+00],
       [ 5.77939108e-01],
       [ 8.88240196e+00],
       [-9.71584007e-01],
       [-1.41082084e+00],
       [-1.21129787e+00],
       [-2.11177480e+00],
       [ 1.11479095e+00],
       [-2.29831145e+00],
       [-1.31852694e+00],
       [-1.62518831e+00],
       [-1.51993746e+00],
       [ 1.17175845e-01],
       [-7.22944356e-01],
       [-1.40790922e+00],
       [-3.35482747e+00],
       [-1.05800454e+00],
       [ 1.90837644e-02],
       [-2.77936491e+00],
       [-3.94645337e+00],
       [ 9.50543327e+00],
       [-7.75092705e-01],
       [-3.65279907e+00],
       [-8.64686422e-01],
       [-5.55318078e+00],
       [ 2.72698505e+00],
       [ 4.07273781e+00],
       [-1.85244257e+00],
       [-3.01320564e+00],
       [ 8.20700400e-02],
       [ 2.26698904e-01],
       [-5.48100009e-01],
       [-2.42463672e+00],
       [-1.90886289e+00],
       [-1.51120236e+00],
       [-2.44810011e+00],
       [-4.51011727e-01],
       [-1.71110694e+00],
       [-4.57000834e-01],
       [-1.83542485e+00],
       [ 4.02326548e-02],
       [ 2.23870218e+00],
       [-3.16320574e+00],
       [-1.46867239e+00],
       [ 2.67708056e+00],
       [-1.07678521e+00],
       [-9.41202423e-01],
       [-1.00976730e+00],
       [ 4.48872154e-01],
       [ 1.00207773e-01],
       [-1.80864748e+00],
       [ 5.81546387e-02],
       [-2.22225177e+00],
       [-1.79855155e+00],
       [-3.53415977e+00],
       [-1.94819533e+00],
       [ 1.20832060e+00],
       [-3.39098672e+00],
       [-1.60101158e+00],
       [-5.42849064e-01],
       [ 1.14715099e+00],
       [-9.91057265e-01],
       [-1.43542476e+00],
       [-9.01488611e-01],
       [-2.63234708e+00],
       [-1.43091628e+00],
       [ 1.64734192e+00],
       [ 4.15827483e+00],
       [ 8.78884724e+00],
       [-1.43886310e+00],
       [ 6.28892972e-01],
       [-3.91870233e-01],
       [-2.22704020e-01],
       [-1.07678521e+00],
       [ 9.51423392e-01],
       [-1.35800473e+00],
       [ 3.21287848e+00],
       [-3.51776400e+00],
       [ 2.06482935e-01],
       [-1.74029404e+00],
       [-4.00318950e-01],
       [ 4.60123256e+00],
       [-7.51965591e-01],
       [-1.02010332e+00],
       [-8.66548669e-01],
       [ 8.85020777e+00],
       [-6.91202423e-01],
       [ 6.42306484e-01],
       [-1.88282415e+00],
       [-2.51272881e+00],
       [-6.22537776e-01],
       [-1.67196567e+00],
       [-1.68070053e+00],
       [-1.26955561e+00],
       [ 3.87306973e+00],
       [-1.31129777e+00],
       [-8.32251665e-01],
       [ 3.48631728e+00],
       [-8.46548688e-01],
       [-1.81202195e-01],
       [-1.27237201e+00],
       [-1.88863101e-01],
       [-1.86556993e+00],
       [-1.55604707e+00],
       [-1.32139322e+00],
       [-1.47974657e+00],
       [-2.62974667e+00],
       [-9.26644074e-01],
       [-8.86378715e-01],
       [-7.97834373e-01],
       [-2.79050974e+00],
       [-2.76320564e+00],
       [-1.92372085e-01],
       [-1.97303982e+00],
       [-8.10004736e-03],
       [-2.29406430e+00],
       [-1.63129770e+00],
       [ 1.69967371e-01],
       [-2.30790931e+00],
       [ 1.47793920e+00],
       [ 4.49648290e+00],
       [ 6.01844083e+00],
       [-2.44003276e+00],
       [ 4.75636332e+00],
       [-4.70924469e+00],
       [ 3.80793913e+00],
       [-1.78998302e+00],
       [-7.66548764e-01],
       [ 4.12889297e+00],
       [-2.87776414e+00],
       [-4.62501838e+00],
       [-3.17709633e+00],
       [-3.78182045e+00],
       [-3.90440023e+00],
       [-3.27857710e+00],
       [-2.84649904e+00],
       [ 3.97698505e+00],
       [ 3.17211577e+00],
       [ 2.86433462e+00],
       [ 1.64357137e+00],
       [-3.34520909e+00],
       [ 4.19603117e+00],
       [ 1.61613879e-01],
       [ 1.15142320e+00],
       [-1.58330104e+00],
       [-3.78742871e-01],
       [-1.41389832e+00],
       [ 2.81812980e+00],
       [ 4.77378747e+00],
       [-2.92258354e+00],
       [-1.59246740e+00],
       [-2.35010325e+00],
       [ 1.20326058e+00],
       [ 8.07627915e-01],
       [ 6.43596433e-01],
       [-4.88240867e-01],
       [-9.00223726e-01],
       [-2.33547450e+00],
       [-9.36644065e-01],
       [ 2.39691449e+00],
       [-2.92829057e+00],
       [-2.07206099e+00],
       [ 1.71423954e+00],
       [ 1.97763504e-02],
       [-1.42800442e+00],
       [ 2.48987184e+00],
       [-5.66548716e-01],
       [-1.91792996e+00],
       [-4.94241766e+00],
       [ 3.46591086e+00],
       [-3.12371970e-01],
       [-1.62158410e+00],
       [-1.53873510e-01],
       [ 1.05211588e+00],
       [-1.83022355e+00],
       [ 1.16278354e+00],
       [-1.09148867e+00],
       [ 1.25132788e+00],
       [ 2.17853637e+00],
       [ 3.77080373e-01],
       [ 4.99920716e-02],
       [-4.03425500e+00],
       [ 1.41171758e+01],
       [ 1.72524309e+00],
       [-1.82206099e+00],
       [-1.60535419e+00],
       [ 6.11696033e+00],
       [-2.31019851e+00],
       [-2.26272881e+00],
       [-5.51659434e+00],
       [-3.88981706e+00],
       [-2.34159584e-01],
       [ 2.88626773e+00],
       [-2.11177480e+00],
       [-3.89454128e+00],
       [-3.61177480e+00],
       [ 9.28416088e-01],
       [-5.30007853e-01],
       [-8.66548669e-01],
       [-4.44213151e+00],
       [-2.00318083e+00],
       [-1.40556989e+00],
       [-4.00318950e-01],
       [-3.27482755e+00],
       [-3.32444589e+00],
       [-2.21840699e+00],
       [-2.66320574e+00],
       [ 8.02858118e-01],
       [ 5.93260444e-01],
       [-3.13382795e+00],
       [ 1.20211550e+00],
       [ 2.46765283e+00],
       [ 1.29001691e+00],
       [ 4.19133508e-01],
       [ 5.28415993e-01],
       [-4.63473198e+00],
       [-9.06739556e-01],
       [-2.43425509e+00],
       [ 8.96999215e+00],
       [ 1.72299947e+00],
       [ 2.04540913e+00],
       [ 2.44884709e+00],
       [-4.03473207e+00],
       [-5.10116316e-02],
       [-7.51965591e-01],
       [ 3.20755277e-01],
       [ 2.46648316e+00],
       [-4.17444579e+00],
       [ 1.13249718e+00],
       [-1.49630821e+00],
       [ 3.26318988e+00],
       [ 9.91613802e-01],
       [-3.26320564e+00],
       [ 4.37271241e-01],
       [-4.75105702e+00],
       [-2.25234720e+00],
       [-8.92372132e-01],
       [-2.03547455e+00],
       [-1.90509282e+00],
       [ 4.06691457e+00],
       [-4.50153409e+00],
       [ 7.72342573e-03],
       [ 1.92793901e+00],
       [-1.58091614e+00],
       [-2.08664416e+00],
       [ 3.33653294e+00],
       [ 6.85935717e-01],
       [ 1.00912314e+01],
       [-9.48195329e-01],
       [-8.82908965e-02],
       [-1.11554487e+00],
       [-3.01368272e+00],
       [ 7.57366637e-01],
       [-3.86415970e+00],
       [-1.09566518e+00],
       [ 4.60784362e+00],
       [ 2.07824984e+00],
       [ 9.47246407e-01],
       [-4.10234723e+00],
       [-1.47101171e+00],
       [ 2.85958558e+00],
       [ 1.89755743e+00],
       [-3.52948113e+00],
       [ 1.16908386e+00],
       [ 7.10085071e+00],
       [-9.22372104e-01],
       [-2.51478174e+00],
       [ 4.29170969e+00],
       [-2.47974657e+00]])

Var=(u_est.T.dot(u_est))/523
Var
     
array([[10.60833612]])

ee=np.diag(np.sqrt(Var*(np.linalg.inv(X.T.dot(X)))))
ee 
     
<ipython-input-20-f1ee05697a79>:1: RuntimeWarning: invalid value encountered in sqrt
  ee=np.diag(np.sqrt(Var*(np.linalg.inv(X.T.dot(X)))))
array([0.76656609, 0.01097764, 0.05380607])

est_t=betas/ee
est_t
     
array([[-4.42302300e+00, -3.08858821e+02, -6.30140685e+01],
       [ 9.14407727e-02,  6.38529107e+00,  1.30274139e+00],
       [ 8.40465135e-01,  5.86895141e+01,  1.19739661e+01]])
